WindSpeed   	A_om        	b_theta     	b_tau       	b_wind      	pc_Kp       	pc_Ki       	vs_Kp       	vs_Ki       	Pi_omega    	Pi_theta    	Pi_wind     
  3.0000e+00	 -2.3344e-02	 -4.2930e-04	 -3.1385e-09	  1.4235e-03	  0.0000e+00	  0.0000e+00	 -5.7562e+07	 -4.5882e+06	  7.5612e+05	 -6.5224e+05	  7.3327e+04
  3.5000e+00	 -2.7234e-02	 -5.8433e-04	 -3.1385e-09	  1.9376e-03	  0.0000e+00	  0.0000e+00	 -5.6323e+07	 -4.5882e+06	  8.8214e+05	 -8.8777e+05	  8.5548e+04
  4.0000e+00	 -3.1125e-02	 -7.6320e-04	 -3.1385e-09	  2.5308e-03	  0.0000e+00	  0.0000e+00	 -5.5083e+07	 -4.5882e+06	  1.0082e+06	 -1.1595e+06	  9.7769e+04
  4.5000e+00	 -3.5015e-02	 -9.6593e-04	 -3.1385e-09	  3.2030e-03	  0.0000e+00	  0.0000e+00	 -5.3843e+07	 -4.5882e+06	  1.1342e+06	 -1.4675e+06	  1.0999e+05
  5.0000e+00	 -3.8906e-02	 -1.1925e-03	 -3.1385e-09	  3.9543e-03	  0.0000e+00	  0.0000e+00	 -5.2604e+07	 -4.5882e+06	  1.2602e+06	 -1.8118e+06	  1.2221e+05
  5.5000e+00	 -4.2797e-02	 -1.4429e-03	 -3.1385e-09	  4.7847e-03	  0.0000e+00	  0.0000e+00	 -5.1364e+07	 -4.5882e+06	  1.3862e+06	 -2.1922e+06	  1.3443e+05
  6.0000e+00	 -4.6687e-02	 -1.7172e-03	 -3.1385e-09	  5.6942e-03	  0.0000e+00	  0.0000e+00	 -5.0124e+07	 -4.5882e+06	  1.5122e+06	 -2.6089e+06	  1.4665e+05
  6.5000e+00	 -5.0578e-02	 -2.0153e-03	 -3.1385e-09	  6.6828e-03	  0.0000e+00	  0.0000e+00	 -4.8885e+07	 -4.5882e+06	  1.6383e+06	 -3.0619e+06	  1.5887e+05
  7.0000e+00	 -5.4468e-02	 -2.3373e-03	 -3.1385e-09	  7.7504e-03	  0.0000e+00	  0.0000e+00	 -4.7645e+07	 -4.5882e+06	  1.7643e+06	 -3.5511e+06	  1.7110e+05
  7.5000e+00	 -5.8359e-02	 -2.6831e-03	 -3.1385e-09	  8.8972e-03	  0.0000e+00	  0.0000e+00	 -4.6405e+07	 -4.5882e+06	  1.8903e+06	 -4.0765e+06	  1.8332e+05
  8.0000e+00	 -6.2250e-02	 -3.0528e-03	 -3.1385e-09	  1.0123e-02	  0.0000e+00	  0.0000e+00	 -4.5166e+07	 -4.5882e+06	  2.0163e+06	 -4.6381e+06	  1.9554e+05
  8.5000e+00	 -6.6140e-02	 -3.4463e-03	 -3.1385e-09	  1.1428e-02	  0.0000e+00	  0.0000e+00	 -4.3926e+07	 -4.5882e+06	  2.1423e+06	 -5.2360e+06	  2.0776e+05
  9.0000e+00	 -7.0031e-02	 -3.8637e-03	 -3.1385e-09	  1.2812e-02	  0.0000e+00	  0.0000e+00	 -4.2686e+07	 -4.5882e+06	  2.2684e+06	 -5.8701e+06	  2.1998e+05
  9.5000e+00	 -7.3922e-02	 -4.3049e-03	 -3.1385e-09	  1.4275e-02	  0.0000e+00	  0.0000e+00	 -4.1447e+07	 -4.5882e+06	  2.3944e+06	 -6.5405e+06	  2.3220e+05
  1.0000e+01	 -7.7812e-02	 -4.7700e-03	 -3.1385e-09	  1.5817e-02	  0.0000e+00	  0.0000e+00	 -4.0207e+07	 -4.5882e+06	  2.5204e+06	 -7.2471e+06	  2.4442e+05
  1.0500e+01	 -8.1703e-02	 -5.2589e-03	 -3.1385e-09	  1.7438e-02	  0.0000e+00	  0.0000e+00	 -3.8967e+07	 -4.5882e+06	  2.6464e+06	 -7.9899e+06	  2.5664e+05
  1.1240e+01	 -5.4418e-02	 -2.3466e-01	 -3.1385e-09	  1.5139e-02	 -1.8615e+00	 -2.8742e-01	  0.0000e+00	  0.0000e+00	  1.7935e+06	 -1.0301e+07	  2.2797e+05
  1.1740e+01	 -5.7581e-02	 -3.0990e-01	 -3.1385e-09	  1.4707e-02	 -1.6325e+00	 -2.5921e-01	  0.0000e+00	  0.0000e+00	  1.3002e+06	 -1.0833e+07	  2.2148e+05
  1.2240e+01	 -6.4747e-02	 -3.6571e-01	 -3.1385e-09	  1.4570e-02	 -1.4444e+00	 -2.3604e-01	  0.0000e+00	  0.0000e+00	  8.9468e+05	 -1.1148e+07	  2.1770e+05
  1.2740e+01	 -7.3837e-02	 -4.1302e-01	 -3.1385e-09	  1.4563e-02	 -1.2872e+00	 -2.1668e-01	  0.0000e+00	  0.0000e+00	  5.4219e+05	 -1.1373e+07	  2.1498e+05
  1.3240e+01	 -8.4309e-02	 -4.5582e-01	 -3.1385e-09	  1.4639e-02	 -1.1539e+00	 -2.0025e-01	  0.0000e+00	  0.0000e+00	  2.2442e+05	 -1.1550e+07	  2.1293e+05
  1.3740e+01	 -9.5814e-02	 -4.9579e-01	 -3.1385e-09	  1.4770e-02	 -1.0393e+00	 -1.8614e-01	  0.0000e+00	  0.0000e+00	 -6.7700e+04	 -1.1696e+07	  2.1131e+05
  1.4240e+01	 -1.0815e-01	 -5.3377e-01	 -3.1385e-09	  1.4937e-02	 -9.3982e-01	 -1.7388e-01	  0.0000e+00	  0.0000e+00	 -3.3964e+05	 -1.1821e+07	  2.0997e+05
  1.4740e+01	 -1.2122e-01	 -5.7033e-01	 -3.1385e-09	  1.5132e-02	 -8.5263e-01	 -1.6314e-01	  0.0000e+00	  0.0000e+00	 -5.9524e+05	 -1.1931e+07	  2.0884e+05
  1.5240e+01	 -1.3496e-01	 -6.0574e-01	 -3.1385e-09	  1.5349e-02	 -7.7559e-01	 -1.5365e-01	  0.0000e+00	  0.0000e+00	 -8.3764e+05	 -1.2027e+07	  2.0787e+05
  1.5740e+01	 -1.4916e-01	 -6.4042e-01	 -3.1385e-09	  1.5576e-02	 -7.0702e-01	 -1.4520e-01	  0.0000e+00	  0.0000e+00	 -1.0656e+06	 -1.2116e+07	  2.0688e+05
  1.6240e+01	 -1.6380e-01	 -6.7448e-01	 -3.1385e-09	  1.5810e-02	 -6.4559e-01	 -1.3764e-01	  0.0000e+00	  0.0000e+00	 -1.2818e+06	 -1.2197e+07	  2.0590e+05
  1.6740e+01	 -1.7904e-01	 -7.0785e-01	 -3.1385e-09	  1.6059e-02	 -5.9025e-01	 -1.3082e-01	  0.0000e+00	  0.0000e+00	 -1.4914e+06	 -1.2271e+07	  2.0508e+05
  1.7240e+01	 -1.9495e-01	 -7.4065e-01	 -3.1385e-09	  1.6323e-02	 -5.4013e-01	 -1.2465e-01	  0.0000e+00	  0.0000e+00	 -1.6957e+06	 -1.2338e+07	  2.0443e+05
  1.7740e+01	 -2.1082e-01	 -7.7350e-01	 -3.1385e-09	  1.6572e-02	 -4.9453e-01	 -1.1903e-01	  0.0000e+00	  0.0000e+00	 -1.8848e+06	 -1.2404e+07	  2.0347e+05
  1.8240e+01	 -2.2753e-01	 -8.0567e-01	 -3.1385e-09	  1.6843e-02	 -4.5286e-01	 -1.1389e-01	  0.0000e+00	  0.0000e+00	 -2.0742e+06	 -1.2463e+07	  2.0282e+05
  1.8740e+01	 -2.4440e-01	 -8.3773e-01	 -3.1385e-09	  1.7106e-02	 -4.1464e-01	 -1.0919e-01	  0.0000e+00	  0.0000e+00	 -2.2536e+06	 -1.2522e+07	  2.0202e+05
  1.9240e+01	 -2.6179e-01	 -8.6948e-01	 -3.1385e-09	  1.7377e-02	 -3.7945e-01	 -1.0485e-01	  0.0000e+00	  0.0000e+00	 -2.4295e+06	 -1.2575e+07	  2.0132e+05
  1.9740e+01	 -2.7954e-01	 -9.0107e-01	 -3.1385e-09	  1.7649e-02	 -3.4695e-01	 -1.0085e-01	  0.0000e+00	  0.0000e+00	 -2.5998e+06	 -1.2625e+07	  2.0061e+05
  2.0240e+01	 -2.9769e-01	 -9.3235e-01	 -3.1385e-09	  1.7923e-02	 -3.1684e-01	 -9.7139e-02	  0.0000e+00	  0.0000e+00	 -2.7662e+06	 -1.2674e+07	  1.9993e+05
  2.0740e+01	 -3.1607e-01	 -9.6376e-01	 -3.1385e-09	  1.8192e-02	 -2.8887e-01	 -9.3693e-02	  0.0000e+00	  0.0000e+00	 -2.9261e+06	 -1.2721e+07	  1.9919e+05
  2.1240e+01	 -3.3526e-01	 -9.9441e-01	 -3.1385e-09	  1.8479e-02	 -2.6281e-01	 -9.0483e-02	  0.0000e+00	  0.0000e+00	 -3.0885e+06	 -1.2763e+07	  1.9867e+05
  2.1740e+01	 -3.5396e-01	 -1.0258e+00	 -3.1385e-09	  1.8735e-02	 -2.3848e-01	 -8.7486e-02	  0.0000e+00	  0.0000e+00	 -3.2356e+06	 -1.2808e+07	  1.9777e+05
  2.2240e+01	 -3.7407e-01	 -1.0561e+00	 -3.1385e-09	  1.9030e-02	 -2.1571e-01	 -8.4681e-02	  0.0000e+00	  0.0000e+00	 -3.3934e+06	 -1.2845e+07	  1.9734e+05
  2.2740e+01	 -3.9342e-01	 -1.0872e+00	 -3.1385e-09	  1.9285e-02	 -1.9436e-01	 -8.2050e-02	  0.0000e+00	  0.0000e+00	 -3.5338e+06	 -1.2887e+07	  1.9646e+05
  2.3240e+01	 -4.1345e-01	 -1.1178e+00	 -3.1385e-09	  1.9553e-02	 -1.7429e-01	 -7.9578e-02	  0.0000e+00	  0.0000e+00	 -3.6757e+06	 -1.2924e+07	  1.9573e+05
  2.3740e+01	 -4.3496e-01	 -1.1477e+00	 -3.1385e-09	  1.9858e-02	 -1.5540e-01	 -7.7250e-02	  0.0000e+00	  0.0000e+00	 -3.8287e+06	 -1.2956e+07	  1.9543e+05
  2.4240e+01	 -4.5460e-01	 -1.1787e+00	 -3.1385e-09	  2.0090e-02	 -1.3758e-01	 -7.5055e-02	  0.0000e+00	  0.0000e+00	 -3.9528e+06	 -1.2995e+07	  1.9435e+05
  2.4740e+01	 -4.7552e-01	 -1.2091e+00	 -3.1385e-09	  2.0353e-02	 -1.2074e-01	 -7.2981e-02	  0.0000e+00	  0.0000e+00	 -4.0860e+06	 -1.3027e+07	  1.9363e+05
